tree
version=v4
num_class=1
num_tree_per_iteration=1
label_index=0
max_feature_idx=8
objective=regression
feature_names=lag_1 lag_2 lag_3 lag_7 rolling_mean_7 rolling_sum_7 month day_of_year day_of_week
feature_infos=[0:113.2] [0:113.2] [0:113.2] [0:113.2] [0:29.457142857142856] [0:206.19999999999999] [1:12] [1:366] [0:6]
tree_sizes=2566 2657 2667 2684 2685 2680 2684 2681 2681 2689 2695 2702 2693 2679 2703 2705 2715 2718 2709 2683 2689 2684 2687 2702 2702

Tree=0
num_leaves=31
num_cat=0
split_feature=0 7 0 7 1 0 2 0 0 3 3 5 5 1 3 5 5 7 0 2 8 0 2 1 2 8 7 7 0 3
split_gain=23392 3125.36 2803.44 1701.12 1262.57 1142.7 1022.98 1053.43 1128.45 854.743 1486.26 768.929 658.521 823.03 650.8 638.999 564.779 514.465 495.21 452.573 397.672 383.373 520.118 703.496 362.112 426.033 356.95 325.113 320.781 294.545
threshold=4.5500000000000007 78.500000000000014 16.150000000000002 26.500000000000004 0.35000000000000003 0.65000000000000002 3.4500000000000006 29.550000000000004 38.20000000000001 1.8500000000000003 0.35000000000000003 82.500000000000014 17.349999999999984 9.2500000000000018 7.9500000000000011 106.09999999999998 70.650000000000006 4.5000000000000009 13.450000000000001 8.5500000000000025 2.5000000000000004 1.7500000000000002 15.850000000000003 1.4500000000000002 0.35000000000000003 2.5000000000000004 257.50000000000006 347.50000000000006 7.6500000000000012 5.1500000000000012
decision_type=2 2 2 2 2 2 2 2 2 2 2 2 2 2 2 2 2 2 2 2 2 2 2 2 2 2 2 2 2 2
left_child=1 17 3 14 9 26 7 24 -9 10 -5 19 -6 16 -2 -13 18 -1 20 -8 28 29 23 -23 -4 -26 -3 -7 -14 -19
right_child=2 5 6 4 12 27 11 8 -10 -11 -12 15 13 -15 -16 -17 -18 21 -20 -21 -22 22 -24 -25 25 -27 -28 -29 -30 -31
leaf_value=4.982953984213994 4.9827267156454997 4.5077267214682246 4.9998088326550914 4.8627754177028057 4.5823458835202207 4.6031804562308345 4.9084539912771445 5.426135789675639 4.907203991783784 4.7666078345287026 5.3877616712690273 5.5365903357262312 5.0160309153260814 4.7041316770066262 5.3387873112817434 5.1704539914697136 5.0627977421302361 4.6076226658745938 5.0070164841394877 5.2233111199540581 4.7108012128519938 4.9765903575902986 5.0269539851676681 4.6393001453925224 4.6392539915870881 4.9447396949305249 4.572809924530687 4.7507039926182486 4.762537322623035 4.7400422274456098
leaf_weight=20 33 737 31 28 37 563 25 22 20 26 26 22 26 121 21 26 32 83 32 21 72 22 20 52 25 21 295 40 24 85
leaf_count=20 33 737 31 28 37 563 25 22 20 26 26 22 26 121 21 26 32 83 32 21 72 22 20 52 25 21 295 40 24 85
internal_value=4.6747 4.5848 4.92412 4.85689 4.82323 4.55828 5.07498 4.9776 5.17903 5.00214 5.11555 5.19827 4.78162 4.80563 5.12119 5.33827 4.87166 4.73852 4.83195 5.05219 4.78603 4.71986 4.80072 4.73958 4.86773 4.77871 4.52633 4.61297 4.89435 4.67462
internal_weight=2608 1917 691 478 424 1635 213 119 42 80 54 94 344 307 54 48 186 282 154 46 122 262 94 74 77 46 1032 603 50 168
internal_count=2608 1917 691 478 424 1635 213 119 42 80 54 94 344 307 54 48 186 282 154 46 122 262 94 74 77 46 1032 603 50 168
is_linear=0
shrinkage=1


Tree=1
num_leaves=31
num_cat=0
split_feature=0 7 0 7 1 0 2 0 3 3 3 5 5 1 5 3 5 7 2 0 0 2 1 2 8 7 7 8 3 5
split_gain=21111.3 2820.64 2530.1 1535.26 1139.47 1031.28 923.238 950.725 1096.5 771.405 1341.35 693.958 594.315 750.492 614.448 587.347 576.697 464.305 408.447 353.634 345.994 469.407 634.905 326.806 384.495 322.148 293.414 290.529 265.827 427.598
threshold=4.5500000000000007 78.500000000000014 16.150000000000002 26.500000000000004 0.35000000000000003 0.65000000000000002 3.4500000000000006 29.550000000000004 1.2500000000000002 1.8500000000000003 0.35000000000000003 82.500000000000014 17.349999999999984 10.65 70.650000000000006 7.9500000000000011 106.09999999999998 4.5000000000000009 8.5500000000000025 13.450000000000001 1.7500000000000002 15.850000000000003 1.4500000000000002 0.35000000000000003 2.5000000000000004 257.50000000000006 347.50000000000006 2.5000000000000004 5.1500000000000012 56.299999999999983
decision_type=2 2 2 2 2 2 2 2 2 2 2 2 2 2 2 2 2 2 2 2 2 2 2 2 2 2 2 2 2 2
left_child=1 17 3 15 9 25 7 23 -9 10 -5 18 -6 14 19 -2 -13 -1 -8 27 28 22 -22 -4 -25 -3 -7 -14 -19 -30
right_child=2 5 6 4 12 26 11 8 -10 -11 -12 16 13 -15 -16 -17 -18 20 -20 -21 21 -23 -24 24 -26 -27 -28 -29 29 -31
leaf_value=0.29335230067372325 0.29313638635882827 -0.15811360699694549 0.3093643910942539 0.17918266057968141 -0.087225400032223885 -0.067432556578746403 0.22257729293406012 0.73509636209124618 0.22414396298783168 0.087823452284702896 0.67791959515844402 0.8193068293007939 0.1976673417008267 0.017246244954085856 0.37541501774069141 0.63139397704175548 0.47147731047410235 -0.063212458322565238 0.52169157536256883 0.28612824871259579 0.2873068493367596 0.33515229299664501 -0.03311885373953443 -0.033162700057029725 0.25704871983755206 -0.09628455852111012 0.072714803959242999 0.046225386342884589 0.16342341745708219 -0.062133689009045305
leaf_weight=20 33 737 31 28 37 563 25 21 21 26 26 22 52 106 34 21 26 83 21 34 22 20 52 25 21 295 40 81 47 38
leaf_count=20 33 737 31 28 37 563 25 21 21 26 26 22 52 106 34 21 26 83 21 34 22 20 52 25 21 295 40 81 47 38
internal_value=0.000511523 -0.0848971 0.237456 0.173589 0.14161 -0.110085 0.380781 0.288263 0.47962 0.31158 0.419315 0.497905 0.102082 0.124897 0.181669 0.424681 0.630899 0.0611413 0.359129 0.142223 0.0434153 0.12023 0.0621428 0.183886 0.0993251 -0.14044 -0.0581359 0.105436 0.000435633 0.0625861
internal_weight=2608 1917 691 478 424 1635 213 119 42 80 54 94 344 307 201 54 48 282 46 167 262 94 74 77 46 1032 603 133 168 85
internal_count=2608 1917 691 478 424 1635 213 119 42 80 54 94 344 307 201 54 48 282 46 167 262 94 74 77 46 1032 603 133 168 85
is_linear=0
shrinkage=0.05


Tree=2
num_leaves=31
num_cat=0
split_feature=0 7 0 7 1 0 7 7 3 0 3 3 4 1 4 3 3 3 7 7 7 4 8 0 3 3 0 8 4 3
split_gain=19053 2545.63 2283.42 1385.57 1028.38 950.498 774.339 1444.93 918.259 1203.99 696.193 1210.56 536.369 677.319 554.539 530.08 442.321 1187.5 419.035 380.443 332.931 377.548 322.543 551.22 467.182 687.726 312.259 309.145 273.272 239.909
threshold=4.5500000000000007 78.500000000000014 16.150000000000002 26.500000000000004 0.35000000000000003 1.3500000000000003 331.50000000000006 198.50000000000003 0.75000000000000011 27.550000000000004 1.8500000000000003 0.35000000000000003 2.4785714285714264 10.65 10.121428571428572 7.9500000000000011 12.250000000000002 5.5500000000000007 4.5000000000000009 347.50000000000006 268.50000000000006 0.54285714285713915 4.5000000000000009 13.750000000000002 0.95000000000000007 3.0500000000000003 1.7500000000000002 4.5000000000000009 9.1928571428571413 5.1500000000000012
decision_type=2 2 2 2 2 2 2 2 2 2 2 2 2 2 2 2 2 2 2 2 2 2 2 2 2 2 2 2 2 2
left_child=1 18 3 15 10 20 7 8 9 -4 11 -5 -6 14 22 -2 17 28 -1 -7 -3 -22 23 24 -14 -26 29 -28 -10 -20
right_child=2 5 6 4 12 19 -8 -9 16 -11 -12 -13 13 -15 -16 -17 -18 -19 26 -21 21 -23 -24 -25 25 -27 27 -29 -30 -31
leaf_value=0.27868468403816221 0.27847957043541655 -0.14159350384911781 0.35796617246591134 0.17022352942398616 -0.082864129925901836 -0.04921677330624586 0.59719865913192427 0.061673558439786849 0.37765707163648177 0.87397723138332373 0.083432280329557573 0.64402361801610553 -0.041038359063012259 0.016383932638069931 0.35664425737717576 0.59982428039823266 0.13452102713860001 0.7016506662964821 -0.060051836140723118 0.14549572633372412 0.12681621864438059 -0.096930046764550609 0.031775947387974998 0.41343799857866198 0.40289428485557438 0.072575703943148259 0.1673122923076153 -0.040638532799979053 0.14217276381594796 0.059456821601180466
leaf_weight=20 33 905 26 28 37 354 30 41 22 20 26 26 28 106 34 21 26 20 83 27 20 329 52 21 26 40 70 24 28 85
leaf_count=20 33 905 26 28 37 354 30 41 22 20 26 26 28 106 34 21 26 20 83 27 20 329 52 21 26 40 70 24 28 85
internal_value=0.000485945 -0.0806523 0.225583 0.164909 0.134529 -0.104581 0.361742 0.323143 0.398637 0.582319 0.296001 0.398349 0.0969779 0.118653 0.172585 0.403447 0.310623 0.376033 0.0580842 -0.0354182 -0.125595 -0.0841079 0.135112 0.181838 0.130098 0.202701 0.0412445 0.114218 0.245786 0.000413854
internal_weight=2608 1917 691 478 424 1635 213 183 142 46 80 54 344 307 201 54 96 70 282 381 1254 349 167 115 94 66 262 94 50 168
internal_count=2608 1917 691 478 424 1635 213 183 142 46 80 54 344 307 201 54 96 70 282 381 1254 349 167 115 94 66 262 94 50 168
is_linear=0
shrinkage=0.05


Tree=3
num_leaves=31
num_cat=0
split_feature=0 0 7 5 2 2 7 0 1 4 7 0 1 4 4 4 4 4 4 7 7 1 7 7 4 7 7 4 4 4
split_gain=17199.8 2531.97 1954.54 1067.45 887.019 973.227 1037.93 886.834 1554.98 758.882 727.136 663.442 599.357 756.304 613.005 822.794 534.427 932.607 636.838 498.179 426.182 370.19 355.707 349.558 340.737 287.978 226.131 211.279 218.641 166.004
threshold=3.7500000000000004 14.550000000000002 88.500000000000014 66.450000000000003 3.4500000000000006 1.5500000000000003 198.50000000000003 8.9500000000000011 10.050000000000002 9.0642857142857149 98.500000000000014 1.3500000000000003 1.5500000000000003 5.9857142857142849 2.6857142857142837 1.1928571428571415 11.785714285714286 8.9214285714285726 14.621428571428572 320.50000000000006 347.50000000000006 0.15000000000000005 22.500000000000004 268.50000000000006 0.54285714285713915 6.5000000000000009 264.50000000000006 2.4785714285714264 3.8499999999999979 1.7285714285714275
decision_type=2 2 2 2 2 2 2 2 2 2 2 2 2 2 2 2 2 2 2 2 2 2 2 2 2 2 2 2 2 2
left_child=2 3 25 12 5 6 9 -5 -9 10 -3 23 13 14 15 -2 17 -6 -18 -8 -13 -17 -14 -4 -25 -1 -16 -24 -29 -27
right_child=1 4 11 7 16 -7 19 8 -10 -11 -12 20 22 -15 26 21 18 -19 -20 -21 -22 -23 27 24 -26 29 -28 28 -30 -31
leaf_value=0.21282978455225626 -0.020120010733604435 0.36982493900827001 -0.13908641335687466 0.13030359300700101 0.49575527191162111 0.0027407561778090895 -0.0085223396666921115 0.75311546495982584 0.20888588964939117 0.21129608341408046 0.79108009062707429 -0.056680507976817819 0.2399394460670326 0.45597950106575375 0.086168555489608223 0.19844592362642288 0.77233413755893709 0.091080796718597423 0.41267073377966884 0.32340250208973886 0.17155427275733515 0.45792532143769443 -0.085500366799533378 0.12047540841624141 -0.092083544039810061 0.127884347512736 -0.1308810313542684 0.14355580475926399 0.02331210270163513 0.0067934593440470651
leaf_weight=21 25 21 875 55 35 32 26 21 35 22 20 291 23 21 28 28 20 24 32 20 22 27 32 20 329 32 21 50 155 245
leaf_count=21 25 21 875 55 35 32 26 21 35 22 20 291 23 21 28 28 20 24 32 20 22 27 32 20 329 32 21 50 155 245
internal_value=0.000461648 0.198298 -0.0828775 0.135363 0.328413 0.245182 0.316357 0.272911 0.412972 0.448197 0.575315 -0.105599 0.0981244 0.177715 0.132416 0.217718 0.43414 0.331142 0.551003 0.135793 -0.0406384 0.325827 0.0522068 -0.122211 -0.0799025 0.0343158 -0.0068527 0.033988 0.0526398 0.0207823
internal_weight=2608 773 1835 521 252 141 109 111 56 63 41 1537 410 150 129 80 111 59 52 46 313 55 260 1224 349 298 49 237 205 277
internal_count=2608 773 1835 521 252 141 109 111 56 63 41 1537 410 150 129 80 111 59 52 46 313 55 260 1224 349 298 49 237 205 277
is_linear=0
shrinkage=0.05


Tree=4
num_leaves=31
num_cat=0
split_feature=0 6 0 3 4 0 2 2 3 1 0 8 1 0 3 8 4 2 0 1 2 0 2 6 4 0 3 2 1 4
split_gain=15548.9 1978.2 1878.47 1359.36 1233.88 819.232 624.081 923.839 1000.23 930.271 613.648 492.091 423.24 373.464 368.898 432.978 382.172 452.245 315.818 482.275 314.871 416.09 305.228 273.481 313.994 237.011 236.964 223.651 209.831 223.31
threshold=4.5500000000000007 3.5000000000000004 29.550000000000004 0.8500000000000002 6.235714285714284 1.3500000000000003 0.25000000000000006 3.4500000000000006 20.500000000000004 10.950000000000001 11.750000000000002 2.5000000000000004 11.950000000000001 15.950000000000001 0.75000000000000011 5.5000000000000009 3.0857142857142841 0.45000000000000007 0.65000000000000002 0.45000000000000007 13.850000000000003 1.0500000000000003 0.35000000000000003 9.5000000000000018 0.59999999999999665 6.2500000000000009 4.3500000000000005 2.9500000000000006 14.050000000000002 10.121428571428572
decision_type=2 2 2 2 2 2 2 2 2 2 2 2 2 2 2 2 2 2 2 2 2 2 2 2 2 2 2 2 2 2
left_child=1 18 4 -4 12 23 -6 28 9 10 26 -12 14 -11 15 25 22 -18 -1 -20 21 -21 -16 -3 -25 -2 -9 -19 29 -8
right_child=2 5 3 -5 6 -7 7 8 -10 13 11 -13 -14 -15 16 -17 17 27 19 20 -22 -23 -24 24 -26 -27 -28 -29 -30 -31
leaf_value=-0.019435347267426552 0.16151672601699829 -0.1302888709105868 0.72668666131966919 0.2760168838907372 0.48653878754377367 -0.030372965470141636 -0.044008047190598316 0.13546760646005471 0.61928111791610718 0.045824907107109375 0.66430662602186208 0.34192009537384432 -0.045863098246045411 0.28576134449761847 0.17995400466024877 0.23534134914798122 0.28133496372029188 -0.047954597001274434 0.27023060682362748 0.19334054753805202 0.16444129153997417 -0.038266717350815826 0.44645291368166612 0.11531468480825424 -0.089254319571908436 -0.016886058315096132 0.34878434240818024 0.14511301656564077 0.20532059749960899 0.16115573396285376
leaf_weight=144 24 894 27 44 25 362 36 30 20 55 20 29 40 23 22 31 32 30 28 24 42 101 21 20 302 83 23 30 25 21
leaf_count=144 24 894 27 44 25 362 36 30 20 55 20 29 40 23 22 31 32 30 28 24 42 101 21 20 302 83 23 30 25 21
internal_value=0.000438567 -0.0728598 0.203786 0.447398 0.175888 -0.0964016 0.24711 0.225884 0.283832 0.24656 0.34596 0.473506 0.106032 0.116575 0.128287 0.0708003 0.187052 0.129538 0.0367243 0.078196 0.0459986 0.00620188 0.310105 -0.116058 -0.0765482 0.0231295 0.228039 0.0485792 0.0845487 0.0315786
internal_weight=2608 1917 691 71 620 1578 307 282 200 180 102 49 313 78 273 138 135 92 339 195 167 125 43 1216 322 107 53 60 82 57
internal_count=2608 1917 691 71 620 1578 307 282 200 180 102 49 313 78 273 138 135 92 339 195 167 125 43 1216 322 107 53 60 82 57
is_linear=0
shrinkage=0.05


Tree=5
num_leaves=31
num_cat=0
split_feature=0 7 0 0 1 0 3 2 3 7 7 7 7 3 7 4 7 1 4 4 7 1 0 3 3 7 1 0 7 4
split_gain=13184.7 2425.6 1943.3 945.154 1608.08 940.665 1951.34 1275.4 2108.56 618.184 568.47 565.155 524.195 877.548 471.717 465.971 462.365 428.605 379.954 707.973 376.515 355.308 350.004 787.977 534.882 469.091 413.225 310.371 270.466 250.694
threshold=3.7500000000000004 108.50000000000001 8.9500000000000011 10.750000000000002 3.2500000000000004 29.550000000000004 0.8500000000000002 8.5500000000000025 5.0500000000000007 330.50000000000006 66.500000000000014 268.50000000000006 18.500000000000004 3.9500000000000006 88.500000000000014 10.264285714285712 66.500000000000014 10.450000000000001 7.2499999999999991 8.8214285714285712 280.50000000000006 2.3500000000000001 0.65000000000000002 2.1500000000000008 4.8500000000000005 68.500000000000014 1.7500000000000002 2.3500000000000001 68.500000000000014 3.6071428571428554
decision_type=2 2 2 2 2 2 2 2 2 2 2 2 2 2 2 2 2 2 2 2 2 2 2 2 2 2 2 2 2 2
left_child=1 12 9 4 -4 7 -7 15 17 16 -8 27 13 -1 -6 20 21 -9 -13 -20 29 -2 24 25 -14 -24 -27 -3 -26 -5
right_child=2 11 3 5 14 6 10 8 -10 -11 -12 18 22 -15 -16 -17 -18 -19 19 -21 -22 -23 23 -25 28 26 -28 -29 -30 -31
leaf_value=-0.04716029706455413 0.34475037068128589 -0.12913161312901447 0.78011870994454346 0.24411789804245487 0.39250142768455243 0.69349434632679507 0.36543177788899772 0.27924018921951455 0.68505500513931805 0.29676591120660306 0.015666615389860594 -0.071779011762767825 -0.099329895495126649 0.38379723059910315 0.069512266060337433 0.2728701039746001 0.026344692595470866 -0.0076475059208662615 0.29642386748677207 -0.07079810602324349 -0.031052372265945784 0.10852695191995457 0.37126489341259006 -0.017907794483145265 0.17354158043033549 0.25204623412826788 -0.047672978561857475 0.00012815886614274007 -0.043151719744006799 0.083932435161810606
leaf_weight=21 20 889 21 33 26 29 21 30 29 32 26 418 108 27 20 37 222 23 21 35 55 78 25 107 36 23 23 49 24 94
leaf_count=21 20 889 21 33 26 29 21 30 29 32 26 418 108 27 20 37 222 23 21 35 55 78 25 107 36 23 23 49 24 94
internal_value=0.0054387 -0.0692835 0.174972 0.244532 0.417579 0.213779 0.370957 0.174092 0.342292 0.0872305 0.171945 -0.0998926 0.0404123 0.195253 0.252071 0.111113 0.066277 0.154742 -0.0553938 0.0669101 0.0782289 0.156736 0.0189315 0.0677869 -0.032832 0.196932 0.102187 -0.122379 0.0868643 0.125555
internal_weight=2602 1806 796 444 67 377 76 301 82 352 47 1412 394 48 46 219 320 53 474 56 182 98 346 178 168 71 46 938 60 127
internal_count=2602 1806 796 444 67 377 76 301 82 352 47 1412 394 48 46 219 320 53 474 56 182 98 346 178 168 71 46 938 60 127
is_linear=0
shrinkage=0.05


Tree=6
num_leaves=31
num_cat=0
split_feature=0 7 0 0 1 0 2 1 1 1 1 0 1 7 8 2 0 7 1 2 7 2 0 4 2 4 7 1 0 1
split_gain=11899.2 2189.1 1753.82 853.001 1451.29 848.95 1151.04 996.201 639.088 559.785 792.321 535.511 518.199 473.086 463.799 442.096 437.272 425.724 381.411 368.127 368.891 331.072 315.878 539.981 382.951 630.811 383.944 314.624 550.878 287.605
threshold=3.7500000000000004 108.50000000000001 8.9500000000000011 10.750000000000002 3.2500000000000004 29.550000000000004 8.5500000000000025 10.950000000000001 4.0500000000000007 1.6500000000000001 0.15000000000000005 1.0000000180025095e-35 18.350000000000005 18.500000000000004 3.5000000000000004 5.2500000000000009 17.750000000000004 88.500000000000014 4.3500000000000005 3.0500000000000003 158.50000000000003 2.9500000000000006 0.65000000000000002 1.8142857142857114 2.6500000000000008 7.8142857142857123 78.500000000000014 0.35000000000000003 2.1500000000000008 17.750000000000004
decision_type=2 2 2 2 2 2 2 2 2 2 2 2 2 2 2 2 2 2 2 2 2 2 2 2 2 2 2 2 2 2
left_child=1 13 9 4 -4 6 16 18 -7 10 -2 -3 -10 15 -12 -1 -5 -6 -8 20 -18 -11 -15 -24 -25 26 -26 28 -13 -29
right_child=2 11 3 5 17 8 7 -9 12 21 14 27 -14 22 -16 -17 19 -19 -20 -21 -22 -23 23 24 25 -27 -28 29 -30 -31
leaf_value=0.33103712710738181 0.033897924666396448 -0.13046079373749142 0.74111276229932199 0.048744897462389983 0.37287636084052234 0.55949892234802245 0.32226047643593381 0.12817784926543635 0.12287771168255038 -0.029628158570958837 0.42811730988323693 -0.049382110896294767 0.44932082630693915 -0.031190381468955558 0.15204308197416108 0.027287952990635585 0.24714653245173396 0.066036654505878686 0.61130559435486798 0.35968798287988957 0.0030962603290875753 0.08987379621522612 0.30917012974619867 -0.058490374972197147 0.34215551838278774 -0.043507057162267826 0.063030614907091317 -0.10094653305812817 0.18055074292010276 0.051561281847005536
leaf_weight=25 54 605 21 133 26 25 21 36 31 101 32 256 20 168 29 23 32 20 25 24 30 136 20 66 28 42 22 489 29 33
leaf_count=25 54 605 21 133 26 25 21 36 31 101 32 256 20 168 29 23 32 20 25 24 30 136 20 66 28 42 22 489 29 33
internal_value=0.00516676 -0.0658193 0.166223 0.232306 0.3967 0.20309 0.165388 0.325177 0.352409 0.082869 0.173387 -0.094898 0.250895 0.0383917 0.296869 0.185491 0.105558 0.239468 0.47935 0.19342 0.129058 0.0389468 0.0179849 0.0643976 0.0334137 0.0993449 0.219341 -0.0682369 -0.0259854 -0.0913052
internal_weight=2602 1806 796 444 67 377 301 82 76 352 115 1412 51 394 61 48 219 46 46 86 62 237 346 178 158 92 50 807 285 522
internal_count=2602 1806 796 444 67 377 301 82 76 352 115 1412 51 394 61 48 219 46 46 86 62 237 346 178 158 92 50 807 285 522
is_linear=0
shrinkage=0.05


Tree=7
num_leaves=31
num_cat=0
split_feature=0 7 0 0 1 0 3 3 2 7 7 7 7 3 7 7 3 4 4 1 0 3 3 7 1 0 0 0 4 4
split_gain=10739 1975.67 1582.83 769.834 1309.79 766.177 1759.09 1046.11 2029.98 546.534 518.547 494.608 426.96 792.298 419.477 384.216 361.062 335.581 636.458 306.009 285.08 677.376 482.731 409.43 355.588 262.816 254.548 779.358 296.111 255.392
threshold=3.7500000000000004 108.50000000000001 8.9500000000000011 10.750000000000002 3.2500000000000004 29.550000000000004 0.8500000000000002 4.8500000000000005 10.550000000000002 330.50000000000006 66.500000000000014 268.50000000000006 18.500000000000004 3.9500000000000006 66.500000000000014 88.500000000000014 10.950000000000001 7.2499999999999991 8.8214285714285712 2.3500000000000001 0.65000000000000002 2.1500000000000008 4.8500000000000005 68.500000000000014 1.7500000000000002 2.3500000000000001 18.050000000000001 19.950000000000003 7.2499999999999991 2.5928571428571408
decision_type=2 2 2 2 2 2 2 2 2 2 2 2 2 2 2 2 2 2 2 2 2 2 2 2 2 2 2 2 2 2
left_child=1 12 9 4 -4 7 -7 26 16 14 -8 25 13 -1 19 -6 -9 -13 -19 -2 22 23 -14 -22 -25 -3 29 -28 -29 -5
right_child=2 11 3 5 15 6 10 8 -10 -11 -12 17 20 -15 -16 -17 -18 18 -20 -21 21 -23 -24 24 -26 -27 27 28 -30 -31
leaf_value=-0.054122019665581847 0.31966932065784937 -0.11740304615196151 0.70405712432804568 0.20985371952965146 0.35423253313280068 0.64102506082633459 0.33063029306275504 0.29622935249159732 0.70331702478553948 0.27574421856552361 -0.0034238113806797908 -0.063922884776346098 -0.092803880046294251 0.35536799152140269 0.020988496153527318 0.062734819725155835 0.069116279323186189 0.28402967424619768 -0.064151387555258607 0.10044540650664996 0.34378681629896168 -0.01827566687052495 0.084080571010708816 0.23141711315383084 -0.046614623328913814 0.0015425554343632289 0.42540473725114558 0.18106571256086745 -0.046893067285418512 0.019142104478152556
leaf_weight=21 20 889 21 21 26 29 21 30 23 32 26 418 108 27 222 20 42 21 35 78 25 107 60 23 23 49 21 29 28 107
leaf_count=21 20 889 21 21 26 29 21 30 23 32 26 418 108 27 222 20 42 21 35 78 25 107 60 23 23 49 21 29 28 107
internal_value=0.00490842 -0.0625283 0.157912 0.22069 0.376865 0.192935 0.334789 0.157118 0.29438 0.0787255 0.145834 -0.0901531 0.0364721 0.176216 0.0590237 0.227494 0.163747 -0.0485241 0.0664165 0.145185 0.0170857 0.0611777 -0.0296309 0.180917 0.0924012 -0.111189 0.0938181 0.165018 0.069086 0.0504307
internal_weight=2602 1806 796 444 67 377 76 301 95 352 47 1412 394 48 320 46 72 474 56 98 346 178 168 71 46 938 206 78 57 128
internal_count=2602 1806 796 444 67 377 76 301 95 352 47 1412 394 48 320 46 72 474 56 98 346 178 168 71 46 938 206 78 57 128
is_linear=0
shrinkage=0.05


Tree=8
num_leaves=31
num_cat=0
split_feature=0 7 0 0 1 0 2 1 0 1 1 1 1 4 4 4 4 1 2 7 1 7 4 2 7 1 5 0 4 0
split_gain=9691.98 1793.54 1428.5 694.775 1184.21 691.475 967.2 901.073 653.599 588.105 500.854 708.018 459.776 448.739 436.962 1214.79 403.369 368.602 511.752 362.319 350.094 326.32 301.763 291.563 281.176 260.851 223.542 299.948 222.648 213.058
threshold=3.7500000000000004 88.500000000000014 8.9500000000000011 10.750000000000002 3.1500000000000008 29.550000000000004 8.5500000000000025 10.950000000000001 0.65000000000000002 4.0500000000000007 1.6500000000000001 0.15000000000000005 18.350000000000005 2.6857142857142837 8.1500000000000004 5.9357142857142842 10.264285714285712 0.35000000000000003 0.55000000000000016 88.500000000000014 4.3500000000000005 280.50000000000006 7.0857142857142845 2.9500000000000006 106.50000000000001 11.050000000000002 25.399999999999984 18.050000000000001 2.19285714285714 3.2500000000000004
decision_type=2 2 2 2 2 2 2 2 2 2 2 2 2 2 2 2 2 2 2 2 2 2 2 2 2 2 2 2 2 2
left_child=1 14 10 4 -4 6 16 20 25 -7 11 28 -11 -13 15 -1 21 18 -10 -6 -8 26 -17 -12 -19 -3 -5 -28 -2 -26
right_child=2 8 3 5 19 9 7 -9 17 12 23 13 -14 -15 -16 22 -18 24 -20 -21 -22 -23 -24 -25 29 -27 27 -29 -30 -31
leaf_value=0.029830885718570677 -0.049317028004032398 -0.10944598152004566 0.68026245743036273 0.21759220131618134 0.34037904606925118 0.5167072236537934 0.29186101924805413 0.10837876712903381 -0.029515436323065511 0.10008327691785751 -0.031110015714375102 0.43987394189834594 0.40757421642541891 0.16412715158528754 -0.035226520805766708 0.45803624323823239 0.2449173703789711 0.065880280771316621 0.1800760025424617 0.059598078690469271 0.56878579545021057 -0.03791418660770763 0.19615354131568563 0.081035045724060839 -0.087598136233093302 0.040253341545661292 -0.01023669290479343 0.17113363292068243 0.16092590764164927 0.061451130016491967
leaf_weight=157 34 970 20 34 27 25 21 36 95 31 101 25 20 36 95 22 37 39 42 20 25 55 22 136 308 30 53 40 20 26
leaf_count=157 34 970 20 34 27 25 21 36 95 31 101 25 20 36 95 22 37 39 42 20 25 55 22 136 308 30 53 40 20 26
internal_value=0.004663 -0.0594019 0.150016 0.209656 0.358022 0.183288 0.149262 0.295736 -0.0814629 0.318049 0.0747893 0.16041 0.220668 0.277138 0.0531389 0.0949036 0.0944183 -0.0353999 0.0347389 0.220898 0.442364 0.0638223 0.327095 0.0332433 -0.0611613 -0.104955 0.107881 0.067772 0.0285507 -0.0759955
internal_weight=2602 1806 796 444 67 377 301 82 1510 76 352 115 51 61 296 201 219 510 137 47 46 182 44 237 373 1000 127 93 54 334
internal_count=2602 1806 796 444 67 377 301 82 1510 76 352 115 51 61 296 201 219 510 137 47 46 182 44 237 373 1000 127 93 54 334
is_linear=0
shrinkage=0.05


Tree=9
num_leaves=31
num_cat=0
split_feature=0 7 0 0 1 0 3 3 2 0 7 7 4 4 7 1 2 7 3 4 1 7 1 1 0 1 1 0 3 7
split_gain=8747.01 1618.67 1289.22 627.034 1068.75 624.056 1585.94 932.347 1776.49 589.873 484.541 472.98 394.358 1096.35 384.967 333.38 380.745 326.993 325.538 272.341 268.953 246.849 235.418 230.454 431.992 606.238 228.462 213.92 205.189 347.597
threshold=3.7500000000000004 88.500000000000014 8.9500000000000011 10.750000000000002 3.1500000000000008 29.550000000000004 0.8500000000000002 4.8500000000000005 10.550000000000002 0.65000000000000002 330.50000000000006 66.500000000000014 8.1500000000000004 5.9357142857142842 66.500000000000014 0.25000000000000006 0.75000000000000011 88.500000000000014 10.950000000000001 7.0857142857142845 2.3500000000000001 106.50000000000001 11.050000000000002 17.350000000000005 18.050000000000001 6.3500000000000005 9.2500000000000018 13.750000000000002 0.35000000000000003 76.500000000000014
decision_type=2 2 2 2 2 2 2 2 2 2 2 2 2 2 2 2 2 2 2 2 2 2 2 2 2 2 2 2 2 2
left_child=1 12 10 4 -4 7 -7 23 18 22 14 -8 13 28 20 16 -11 -6 -9 -15 -2 -17 -3 24 26 -26 27 -5 -1 -30
right_child=2 9 3 5 17 6 11 8 -10 15 -12 -13 -14 19 -16 21 -18 -19 -20 -21 -22 -23 -24 -25 25 -27 -28 -29 29 -31
leaf_value=0.13505873664149218 0.29861903533339501 -0.10397368130888598 0.6462493124604225 0.0052245347392420437 0.32336009983663211 0.59292153469447439 0.29922240262939814 0.27497407960395021 0.65393480729089004 -0.01710183261583249 0.25655843745917084 -0.019816758082463193 -0.033465197152997318 0.43513442437079819 0.016061875110005473 0.062586269069176456 0.17724927135876248 0.056618172824382786 0.05932297225864161 0.18634586158123884 0.093096692067308306 -0.070105974544162702 0.038240674187739694 -0.02915651920790735 0.099192291274163374 0.44086718767881394 -0.094541029073297977 0.16034805207695491 -0.041862678784877067 0.17765856872905383
leaf_weight=35 20 970 20 43 27 29 21 30 23 90 32 26 95 22 222 39 35 20 42 22 78 346 30 38 37 20 22 46 100 22
leaf_count=35 20 970 20 43 27 29 21 30 23 90 32 26 95 22 222 39 35 20 42 22 78 346 30 38 37 20 22 46 100 22
internal_value=0.00442985 -0.0564318 0.142515 0.199173 0.34012 0.174124 0.302147 0.141799 0.271382 -0.0773897 0.0710498 0.122733 0.0504819 0.0901584 0.0524989 -0.0336299 0.0373165 0.209853 0.149178 0.31074 0.13504 -0.0566644 -0.0997073 0.0820402 0.107192 0.219078 0.0497366 0.0854007 0.0283393 -0.00227688
internal_weight=2602 1806 796 444 67 377 76 301 95 1510 352 47 296 201 320 510 125 47 72 44 98 385 1000 206 168 57 111 89 157 122
internal_count=2602 1806 796 444 67 377 76 301 95 1510 352 47 296 201 320 510 125 47 72 44 98 385 1000 206 168 57 111 89 157 122
is_linear=0
shrinkage=0.05


Tree=10
num_leaves=31
num_cat=0
split_feature=0 0 3 1 5 2 6 1 2 6 3 0 0 1 1 1 1 4 0 6 4 4 1 1 6 6 4 1 6 1
split_gain=6623.31 1581.91 926.983 958.095 674.617 782.051 641.721 724.106 600.875 590.37 494.316 389.818 387.344 386.937 365.546 610.839 338.057 591.978 800.234 542.735 331.237 518.162 627.073 956.849 327.854 271.401 268.893 190.065 196.149 186.724
threshold=5.2500000000000009 0.65000000000000002 24.250000000000004 4.4500000000000011 67.549999999999997 7.9500000000000011 2.5000000000000004 1.4500000000000002 3.8500000000000001 2.5000000000000004 12.250000000000002 2.5500000000000003 17.350000000000005 8.6500000000000004 16.550000000000004 9.7500000000000018 0.35000000000000003 1.8714285714285697 1.4500000000000002 9.5000000000000018 4.3214285714285703 3.4357142857142837 0.65000000000000002 1.0000000180025095e-35 1.5000000000000002 7.5000000000000009 11.435714285714285 7.1500000000000012 5.5000000000000009 1.6500000000000001
decision_type=2 2 2 2 2 2 2 2 2 2 2 2 2 2 2 2 2 2 2 2 2 2 2 2 2 2 2 2 2 2
left_child=1 24 3 4 5 20 7 -3 -9 10 13 -10 -11 -5 15 -14 17 -8 -19 -20 21 22 23 -2 29 -22 -15 -26 -29 -1
right_child=2 6 -4 9 -6 -7 16 8 11 12 -12 -13 14 26 -16 -17 -18 18 19 -21 25 -23 -24 -25 27 -27 -28 28 -30 -31
leaf_value=0.16469331949949265 0.07788008164727328 0.31963382010017671 0.38468930357032355 0.38447560630738736 0.38991289303914922 0.4051617174312987 -0.027310251683603393 -0.12421278468200139 0.27374149335747855 -0.031622850256139888 -0.028002072657857625 0.029214449484760947 0.022268786248953447 0.071227355474015569 -0.033419510832539315 0.39524918255351843 -0.033781755264772444 -0.045538280595993179 0.128684684763784 0.48482355020940304 0.12483101790963576 0.3807718557807116 -0.0054406487423440683 0.50961968614941555 -0.093933862679450988 -0.049941991104020013 0.27927838110923769 0.11682514521208676 -0.073701243187699994 -0.051364677250385286
leaf_weight=20 33 31 36 24 37 29 109 35 28 142 28 39 23 41 27 21 490 29 23 20 58 26 46 21 1041 36 25 22 35 20
leaf_count=20 33 31 36 24 37 29 109 35 28 142 28 39 23 41 27 21 490 29 23 20 58 26 46 21 1041 36 25 22 35 20
internal_value=0.000307435 -0.0460128 0.138062 0.123672 0.190701 0.1611 0.00767544 0.10801 0.0436929 0.0657561 0.155472 0.131405 0.0160547 0.212552 0.11141 0.200282 -0.012212 0.0461812 0.157439 0.294331 0.128928 0.181919 0.130218 0.245779 -0.0839437 0.0578967 0.150035 -0.0890661 -0.000164742 0.0566643
internal_weight=2595 1942 653 617 286 249 804 133 102 331 118 67 213 90 71 44 671 181 72 43 220 126 100 54 1138 94 66 1098 57 40
internal_count=2595 1942 653 617 286 249 804 133 102 331 118 67 213 90 71 44 671 181 72 43 220 126 100 54 1138 94 66 1098 57 40
is_linear=0
shrinkage=0.05


Tree=11
num_leaves=31
num_cat=0
split_feature=0 0 3 1 7 1 7 2 5 2 7 2 3 3 4 7 1 0 0 2 0 3 0 3 4 1 4 0 2 7
split_gain=5977.54 1427.67 836.602 864.681 734.01 720.494 654.38 628.621 608.842 705.801 456.712 417.846 538.636 463.692 630.357 344.655 534.688 501.087 340.944 551.793 339.868 336.679 318.277 326.039 381.952 346.827 315.675 279.746 252.874 191.614
threshold=5.2500000000000009 0.65000000000000002 24.250000000000004 4.4500000000000011 68.500000000000014 1.4500000000000002 70.500000000000014 3.4500000000000006 67.549999999999997 7.9500000000000011 38.500000000000007 0.45000000000000007 6.2500000000000009 2.3500000000000001 10.521428571428572 279.50000000000006 0.35000000000000003 2.1500000000000008 19.550000000000004 1.7500000000000002 2.5500000000000003 5.2500000000000009 26.900000000000002 1.3500000000000003 3.0857142857142841 0.55000000000000016 1.9999999999999982 11.050000000000002 16.650000000000002 257.50000000000006
decision_type=2 2 2 2 2 2 2 2 2 2 2 2 2 2 2 2 2 2 2 2 2 2 2 2 2 2 2 2 2 2
left_child=1 10 3 8 5 -3 11 -7 9 22 21 -5 13 14 -13 -6 17 -17 28 -20 -9 -1 23 26 -25 -26 -2 -28 -8 -12
right_child=2 4 -4 6 15 7 18 20 -10 -11 29 12 -14 -15 -16 16 -18 -19 19 -21 -22 -23 -24 24 25 -27 27 -29 -30 -31
leaf_value=-0.066862210501795236 0.18736753801504771 0.30987965848077748 0.36545483701758918 0.35058911244074503 -0.042387731492484065 -0.11842105596473343 -0.063937130801333883 0.25134381593176813 0.37041725033038375 0.38490363318344645 -0.098985821355428424 -0.051684801553242982 -0.027537741713846726 0.36700750708580021 0.31584284737706186 0.040067054331302643 -0.0081279772721851874 0.34808690787657448 -0.034982943976366962 0.30235310901295054 0.038019329707982934 0.1982104024887085 0.30290069905194372 0.35119797056135926 -0.035680075494262081 0.20970332303808795 -0.12410597448547683 0.065704019489613449 0.12390830960745614 -0.051492585792209458
leaf_weight=23 30 34 36 21 422 38 122 33 37 29 801 28 45 25 20 31 180 23 27 22 43 25 22 23 24 36 30 55 21 289
leaf_count=23 30 34 36 21 422 38 122 33 37 29 801 28 45 25 20 31 180 23 27 22 43 25 22 23 24 36 30 55 21 289
internal_value=0.000292063 -0.0437122 0.131159 0.117489 0.00729167 0.107872 0.0624683 0.0476244 0.181166 0.153045 -0.0797465 0.145094 0.108523 0.192395 0.101452 -0.0154003 0.0332694 0.171261 0.0026509 0.116474 0.130647 0.0711964 0.122482 0.102435 0.177958 0.11155 0.0479267 -0.00128774 -0.0363514 -0.0863936
internal_weight=2595 1942 653 617 804 148 331 114 286 249 1138 139 118 73 48 656 234 54 192 49 76 48 220 198 83 60 115 85 143 1090
internal_count=2595 1942 653 617 804 148 331 114 286 249 1138 139 118 73 48 656 234 54 192 49 76 48 220 198 83 60 115 85 143 1090
is_linear=0
shrinkage=0.05


Tree=12
num_leaves=31
num_cat=0
split_feature=0 7 0 3 1 1 0 8 1 0 0 4 7 8 7 7 0 1 4 4 3 4 1 7 3 7 0 4 3 7
split_gain=5408.22 1165.2 1123.71 1011.87 691.528 629.455 584.88 544.352 2045.56 720 844.511 784.156 567.943 647.97 448.26 537.354 622.111 666.942 711.174 445.158 428.628 397.975 550.251 323.971 229.971 414.95 244.837 243.582 211.289 210.078
threshold=3.0500000000000003 18.500000000000004 8.9500000000000011 23.950000000000003 9.9500000000000011 1.9500000000000002 0.65000000000000002 1.5000000000000002 1.0500000000000003 29.950000000000003 23.950000000000003 9.5214285714285687 247.50000000000003 2.5000000000000004 72.500000000000014 160.50000000000003 5.9500000000000011 0.15000000000000005 2.6857142857142837 3.8499999999999979 3.9500000000000006 3.3357142857142841 0.25000000000000006 80.500000000000014 4.6500000000000012 164.50000000000003 16.150000000000002 15.292857142857141 0.55000000000000016 38.500000000000007
decision_type=2 2 2 2 2 2 2 2 2 2 2 2 2 2 2 2 2 2 2 2 2 2 2 2 2 2 2 2 2 2
left_child=1 20 5 4 7 14 29 8 -4 10 11 12 13 -9 -2 -16 17 -17 -19 -15 -1 -8 -23 -7 25 26 -6 -26 -14 -3
right_child=2 6 3 -5 24 23 21 9 -10 -11 -12 -13 28 19 15 16 -18 18 -20 -21 -22 22 -24 -25 27 -27 -28 -29 -30 -31
leaf_value=0.041482115238904958 0.30717471641384897 0.052046788136164347 0.022116913524805569 0.4476225409124579 0.061004153585859713 0.062535882858280975 -0.05485779601056745 -0.045620762918144465 0.60127802010505427 -0.11720508984897449 0.47800766123192651 0.38830092723170917 0.077814937992529434 0.44325518295878458 -0.059090210700576955 0.034049555383346697 -0.090220497697591787 0.55730488669304623 0.1406990458071232 0.16240607513937841 0.36130446832288399 0.20273842239418094 -0.0011093969554661616 -0.050429791789979507 0.061965441682304327 -0.033394616444129499 0.25814131978485316 -0.1669869696100553 -0.12767154312339321 -0.082073897851968558
leaf_weight=20 27 30 30 28 28 107 302 25 31 23 21 27 22 21 44 27 20 21 20 43 22 39 219 156 26 40 36 21 29 1090
leaf_count=20 27 30 30 28 28 107 302 25 31 23 21 27 22 21 44 27 20 21 20 43 22 39 219 156 26 40 36 21 29 1090
internal_value=0.00027746 -0.0511173 0.101654 0.156527 0.137258 0.0430103 -0.0576205 0.184891 0.316445 0.146859 0.179165 0.141586 0.0940054 0.170239 0.121548 0.0835784 0.154913 0.227011 0.354083 0.25456 0.209008 -0.0158986 0.0297048 -0.00447037 0.0514556 0.0929367 0.171894 -0.0403324 -0.0390303 -0.0784814
internal_weight=2595 1722 873 451 423 422 1680 272 61 211 188 167 140 89 159 132 88 68 41 64 42 560 258 263 151 104 64 47 51 1120
internal_count=2595 1722 873 451 423 422 1680 272 61 211 188 167 140 89 159 132 88 68 41 64 42 560 258 263 151 104 64 47 51 1120
is_linear=0
shrinkage=0.05


Tree=13
num_leaves=31
num_cat=0
split_feature=0 7 0 3 2 7 3 4 7 7 5 2 0 4 4 3 7 5 0 3 7 7 0 4 7 0 3 4 2 5
split_gain=4906.1 1193.91 706.814 676.213 438.637 409.787 495.667 740.487 1009.19 471.127 386.898 870.713 929.656 371.85 745.424 393.556 364.604 337.082 393.767 354.334 324.844 293.779 285.377 278.957 262.672 314.484 343.503 316.704 260.954 336.292
threshold=5.2500000000000009 68.500000000000014 0.75000000000000011 24.250000000000004 0.45000000000000007 108.50000000000001 8.5500000000000025 9.5214285714285687 300.50000000000006 348.50000000000006 61.599999999999987 7.9500000000000011 6.6500000000000012 6.9285714285714279 5.7785714285714285 4.0500000000000007 52.500000000000007 30.499999999999979 14.050000000000002 0.35000000000000003 166.50000000000003 22.500000000000004 1.4500000000000002 2.19285714285714 279.50000000000006 1.5500000000000003 0.35000000000000003 7.871428571428571 9.3500000000000032 77.5
decision_type=2 2 2 2 2 2 2 2 2 2 2 2 2 2 2 2 2 2 2 2 2 2 2 2 2 2 2 2 2 2
left_child=1 4 -3 5 -1 10 7 9 -9 17 11 12 -2 14 16 -15 -6 18 19 -7 -19 -14 -17 -21 -4 -26 -27 -28 29 -12
right_child=3 2 24 -5 13 6 -8 8 -10 -11 28 -13 21 15 -16 22 -18 20 -20 23 -22 -23 -24 -25 25 26 27 -29 -30 -31
leaf_value=-0.064402799534357402 -0.11004246616805043 -0.079526918012847655 -0.036851187830147937 0.32946605644085342 0.032449979608257615 -0.060937626494301692 -0.1155821498596307 0.053952362885077799 0.52857376592499872 0.25226234846093037 0.034341402248080292 0.46271458709681479 0.39256019055843355 -0.11465285022771268 0.43606745958328247 -0.003675494364329747 0.27451833770388651 0.1335502147335898 0.26410588873922825 0.26581613387573849 -0.083691378130247421 0.17718580698496419 0.20127199671485207 0.029706827987884654 -0.03786587846220324 0.2131498996168375 -0.017921245180898243 0.20698914766311646 0.012338315597811685 0.24201495361260394
leaf_weight=55 27 1068 394 36 60 45 33 24 21 27 35 27 20 33 20 35 21 22 25 22 79 76 33 29 95 36 72 20 61 44
leaf_count=55 27 1068 394 36 60 45 33 24 21 27 35 27 20 33 20 35 21 22 25 22 79 76 33 29 95 36 72 20 61 44
internal_value=0.000263587 -0.0396023 -0.0549131 0.118823 0.0607816 0.106533 0.0681595 0.0887836 0.275442 0.0550501 0.149802 0.205596 0.149156 0.0948664 0.162705 0.0270276 0.0952084 0.0310648 0.0873546 0.0413256 -0.0363714 0.222055 0.0957843 0.131558 -0.0123076 0.0310565 0.0822098 0.0309723 0.0900232 0.150008
internal_weight=2595 1942 1685 653 257 617 327 294 45 249 290 150 123 202 101 101 81 222 121 96 101 96 68 51 617 223 128 92 140 79
internal_count=2595 1942 1685 653 257 617 327 294 45 249 290 150 123 202 101 101 81 222 121 96 101 96 68 51 617 223 128 92 140 79
is_linear=0
shrinkage=0.05


Tree=14
num_leaves=31
num_cat=0
split_feature=0 7 0 3 1 7 7 7 2 1 2 2 3 3 5 2 2 8 0 1 2 3 5 0 2 1 5 7 7 5
split_gain=4427.75 1077.5 637.965 610.282 734.455 543.273 499.362 636.765 395.869 727.386 816.188 363.877 449.219 402.103 530.812 345.218 804.405 460.287 535.122 478.87 339.015 325.044 320.096 289.494 476.697 289.228 679.076 695.118 223.573 333.551
threshold=5.2500000000000009 68.500000000000014 0.65000000000000002 24.250000000000004 4.4500000000000011 70.500000000000014 331.50000000000006 301.50000000000006 0.45000000000000007 1.3500000000000003 4.6500000000000012 0.45000000000000007 6.2500000000000009 2.3500000000000001 73.450000000000003 12.750000000000002 7.4500000000000011 2.5000000000000004 7.8500000000000005 0.15000000000000005 2.3500000000000001 0.55000000000000016 33.849999999999987 19.550000000000004 1.7500000000000002 0.25000000000000006 15.899999999999986 296.50000000000006 50.500000000000007 82.049999999999997
decision_type=2 2 2 2 2 2 2 2 2 2 2 2 2 2 2 2 2 2 2 2 2 2 2 2 2 2 2 2 2 2
left_child=1 8 -3 4 6 11 7 15 -1 10 -10 -6 13 14 -13 16 17 21 -19 -20 -11 -2 -21 -7 -25 26 -4 -28 29 -22
right_child=3 2 25 -5 5 23 -8 -9 9 20 -12 12 -14 -15 -16 -17 -18 18 19 22 28 -23 -24 24 -26 -27 27 -29 -30 -31
leaf_value=-0.061182657249949195 -0.066064718449167142 -0.076732194341291055 -0.031808624177881821 0.31299274938388005 0.31754883556138902 -0.039944391058093609 0.38330642192260078 -0.065039234721299383 0.41474275098692986 -0.14483291079168734 0.030763089060783389 -0.063076586138319096 -0.032599565312266349 0.33085350608825687 0.27209676795062565 -0.0055872542858123779 0.48439342662514684 0.053070912582259024 0.4960051967339083 0.33974655218995536 -0.029718633978695109 0.14358867031394268 0.089171015620231636 -0.039895185497072008 0.27364710149439903 -0.032491506770208116 0.028955479059368374 0.38083315694332126 0.1779853508458473 0.19386274597861552
leaf_weight=55 29 1029 103 36 21 143 23 33 31 23 25 27 45 25 21 25 21 31 22 26 69 51 25 27 22 496 32 25 32 22
leaf_count=55 29 1029 103 36 21 143 23 33 31 23 25 27 45 25 21 25 21 31 22 26 69 51 25 27 22 496 32 25 32 22
internal_value=0.000250408 -0.0376222 -0.0521674 0.112882 0.101206 0.0504981 0.159893 0.140355 0.0577425 0.0901231 0.243323 0.125783 0.0916553 0.168251 0.0835618 0.169825 0.191217 0.157756 0.227115 0.301025 0.0313614 0.0675893 0.216915 -0.00400511 0.100879 -0.0136352 0.0448195 0.183288 0.0643083 0.024334
internal_weight=2595 1942 1685 653 617 331 286 263 257 202 56 139 118 73 48 230 205 184 104 73 146 80 51 192 49 656 160 57 123 91
internal_count=2595 1942 1685 653 617 331 286 263 257 202 56 139 118 73 48 230 205 184 104 73 146 80 51 192 49 656 160 57 123 91
is_linear=0
shrinkage=0.05


Tree=15
num_leaves=31
num_cat=0
split_feature=5 3 3 7 3 7 7 7 4 4 1 2 7 7 5 1 8 2 8 4 7 4 1 4 8 2 2 2 7 1
split_gain=1772.03 529.088 712.796 1374.83 481.526 479.39 432.262 407.167 394.911 284.081 344.46 280.147 274.233 259.563 568.479 318.121 265.31 435.168 237.383 328.171 204.602 203.728 279.427 297.984 431.116 195.966 344.529 280.925 191.997 436.203
threshold=36.949999999999989 11.950000000000001 5.2500000000000009 18.500000000000004 6.5500000000000007 332.50000000000006 86.500000000000014 353.50000000000006 7.8142857142857123 2.0785714285714261 5.6500000000000012 0.95000000000000007 74.500000000000014 142.50000000000003 39.399999999999999 30.650000000000002 3.5000000000000004 0.35000000000000003 1.5000000000000002 9.6928571428571431 263.50000000000006 6.7642857142857133 2.7500000000000004 12.15 1.5000000000000002 10.750000000000002 5.6500000000000012 1.2500000000000002 274.50000000000006 0.25000000000000006
decision_type=2 2 2 2 2 2 2 2 2 2 2 2 2 2 2 2 2 2 2 2 2 2 2 2 2 2 2 2 2 2
left_child=6 2 13 -4 8 12 9 28 -5 11 -11 -1 18 14 -2 21 17 -15 -3 -20 -18 -16 -23 24 -24 26 27 -6 -8 -30
right_child=1 5 3 4 25 -7 7 -9 -10 10 -12 -13 -14 16 15 -17 20 -19 19 -21 -22 22 23 -25 -26 -27 -28 -29 29 -31
leaf_value=0.2067733577046639 0.29187320840769798 -0.094918289314955481 0.55797553688287738 0.41017673640024094 0.163641275533221 0.18551079918598307 -0.055786634535287261 0.13534734370186927 0.10353928013216883 -0.043455348480327997 0.13605812517660007 -0.023393089026212694 -0.088122282679089239 0.25582346890283669 0.14484794110887581 0.23306316137313843 -0.15150533228209526 0.015487035252870276 0.22178306629260383 0.0049798883032053714 -0.0011576352382285727 -0.079914874887024923 0.17904584672586579 0.2032664282454385 -0.061539574824273593 -0.054479626476250848 0.27548161640763286 -0.075117691819156923 0.062127089673280712 -0.051251756756612324
leaf_weight=39 29 32 20 21 22 29 1080 32 21 113 35 20 108 23 36 23 33 104 24 64 72 54 27 27 60 29 20 28 125 264
leaf_count=39 29 32 20 21 22 29 1080 32 21 113 35 20 108 23 36 23 33 104 24 64 72 54 27 27 60 29 20 28 125 264
internal_value=-0.00177078 0.0547531 0.0787975 0.170025 0.114997 -0.00596604 -0.0317536 -0.0410946 0.256858 0.0359801 -0.00100284 0.128751 -0.0303205 0.0486998 0.0834139 0.0567825 0.0103947 0.0590125 0.021701 0.064108 -0.0484098 0.0369077 0.0137777 0.0581584 0.0131249 0.0548135 0.100092 0.0299363 -0.0449382 -0.014819
internal_weight=2614 906 649 161 141 257 1708 1501 42 207 148 59 228 488 256 227 232 127 120 88 105 204 168 114 87 99 70 50 1469 389
internal_count=2614 906 649 161 141 257 1708 1501 42 207 148 59 228 488 256 227 232 127 120 88 105 204 168 114 87 99 70 50 1469 389
is_linear=0
shrinkage=0.05


Tree=16
num_leaves=31
num_cat=0
split_feature=0 7 0 0 1 1 8 2 2 1 2 8 7 7 7 0 7 1 0 7 7 8 1 2 4 7 6 0 1 1
split_gain=4499.65 550.149 463.079 526.413 459.825 676.05 453.811 428.657 616.407 649.136 1055.24 866.272 659.391 605.518 778.76 408.875 388.406 729.79 278.913 243.401 310.591 226.387 225.933 256.122 224.079 213.253 828.823 207.902 203.344 179.585
threshold=4.5500000000000007 36.500000000000007 8.9500000000000011 9.8500000000000032 0.95000000000000007 0.15000000000000005 4.5000000000000009 3.0500000000000003 4.5500000000000007 10.950000000000001 8.5500000000000025 2.5000000000000004 72.500000000000014 196.50000000000003 134.50000000000003 2.0500000000000003 295.50000000000006 0.95000000000000007 1.0000000180025095e-35 158.50000000000003 256.50000000000006 3.5000000000000004 1.8500000000000003 5.4500000000000011 14.857142857142856 82.500000000000014 2.5000000000000004 17.350000000000005 0.35000000000000003 7.4500000000000011
decision_type=2 2 2 2 2 2 2 2 2 2 2 2 2 2 2 2 2 2 2 2 2 2 2 2 2 2 2 2 2 2
left_child=1 6 4 -4 5 -2 18 13 -9 10 -10 -12 -13 14 25 19 -17 -18 -1 29 -21 -6 -20 -24 27 26 -5 -11 -22 -3
right_child=2 15 3 7 21 -7 -8 8 9 24 11 12 -14 -15 -16 16 17 -19 22 20 28 -23 23 -25 -26 -27 -28 -29 -30 -31
leaf_value=-0.05092724204063416 0.0090555494831454364 -0.038740921047578793 0.31816195313994955 -0.0040889921287695563 0.056812045880413935 0.34491311969428229 -0.095634878107479643 0.37833856868167082 -0.012130785853632036 0.005803121137432754 0.59716161205009977 0.40955150052905087 0.0035370199009776117 -0.016187821445511837 0.40482317432761195 -0.028779272705183497 0.35386765343802318 0.0082382049012397016 0.27165275801505362 -0.09753493137162153 0.00076578321915141427 -0.05792130790650845 -0.037637559856687278 0.19713409428413098 -0.092317972064018261 -0.02776007390227811 0.39735852897167212 0.20288299778071434 -0.068619846767742479 0.074346024582260528
leaf_weight=20 31 461 37 36 109 29 35 31 31 32 22 20 20 102 24 210 21 56 28 562 173 71 21 26 25 29 20 23 271 38
leaf_count=20 31 461 37 36 109 29 35 31 31 32 22 20 20 102 24 210 21 56 28 562 173 71 21 26 25 29 20 23 271 38
internal_value=-0.00168224 -0.0410448 0.107645 0.13745 0.0515138 0.171387 0.0582739 0.121338 0.173019 0.136227 0.226057 0.34515 0.206544 0.0713721 0.153309 -0.0482498 0.00644221 0.102501 0.114977 -0.0586794 -0.0728411 0.0115561 0.159218 0.0922361 0.0318007 0.0822932 0.139285 0.0882183 -0.0415845 -0.0301291
internal_weight=2614 1922 692 452 240 60 130 415 204 173 93 62 40 211 109 1792 287 77 95 1505 1006 180 75 47 80 85 56 55 444 499
internal_count=2614 1922 692 452 240 60 130 415 204 173 93 62 40 211 109 1792 287 77 95 1505 1006 180 75 47 80 85 56 55 444 499
is_linear=0
shrinkage=0.05


Tree=17
num_leaves=31
num_cat=0
split_feature=0 7 0 0 1 8 2 2 4 2 7 7 7 1 0 7 1 0 2 7 7 8 7 7 7 6 1 2 1 6
split_gain=4060.93 496.51 417.929 475.087 439.569 409.564 386.863 556.307 599.634 690.924 638.567 546.48 702.831 388.43 369.01 350.536 658.636 251.719 241.291 219.669 280.308 215.709 215.185 205.734 192.461 748.013 183.518 169.874 162.075 187.102
threshold=4.5500000000000007 36.500000000000007 8.9500000000000011 9.8500000000000032 0.35000000000000003 4.5000000000000009 3.0500000000000003 4.5500000000000007 14.035714285714286 10.250000000000002 140.50000000000003 196.50000000000003 134.50000000000003 2.9500000000000006 2.0500000000000003 295.50000000000006 0.95000000000000007 1.0000000180025095e-35 7.8500000000000005 158.50000000000003 256.50000000000006 4.5000000000000009 158.50000000000003 12.500000000000002 82.500000000000014 2.5000000000000004 0.35000000000000003 5.2500000000000009 7.4500000000000011 2.5000000000000004
decision_type=2 2 2 2 2 2 2 2 2 2 2 2 2 2 2 2 2 2 2 2 2 2 2 2 2 2 2 2 2 2
left_child=1 5 4 -4 -2 17 11 -8 9 13 -11 12 24 -9 19 -16 -17 -1 21 28 -21 -6 -20 -19 25 -5 -22 -25 29 -3
right_child=2 14 3 6 18 -7 7 8 -10 10 -12 -13 -14 -15 15 16 -18 23 22 20 26 -23 -24 27 -26 -27 -28 -29 -30 -31
leaf_value=-0.048380881547927856 0.19175494990565561 -0.11915225704511008 0.30225384831428531 -0.0038845398359828526 0.016384568288191861 -0.090853134734289992 0.35942164249718189 0.26095029249787333 -0.022998614117820212 0.47276756028334299 0.14373441872925594 -0.015378428999261529 0.3845820141684575 -0.0021368279577569762 -0.027340310203088893 0.33617427292324248 0.0078262939783079292 0.043966703861951832 0.17244783243850659 -0.092658185274124782 0.00072749380259155534 -0.12903868739000138 -0.024045828458937733 0.13336327042844562 -0.026372066242941496 0.37749060004949575 -0.06518885426320363 0.32562151521444327 0.07062872011018427 -0.02448241996516165
leaf_weight=20 44 60 37 36 102 35 31 20 47 30 29 102 24 47 210 21 56 28 38 562 173 34 22 27 29 20 271 20 38 401
leaf_count=20 44 60 37 36 102 35 31 20 47 30 29 102 24 47 210 21 56 28 38 562 173 34 22 27 29 20 271 20 38 401
internal_value=-0.00159813 -0.0389925 0.102263 0.130577 0.0489381 0.0553602 0.115271 0.164368 0.129416 0.186269 0.311039 0.0678035 0.145644 0.0763966 -0.0458373 0.00612009 0.0973757 0.109228 0.0168771 -0.0557455 -0.069199 -0.0199712 0.1004 0.151257 0.0781786 0.132321 -0.0395052 0.215175 -0.0286226 -0.0368039
internal_weight=2614 1922 692 452 240 130 415 204 173 126 59 211 109 67 1792 287 77 95 196 1505 1006 136 60 75 85 56 444 47 499 461
internal_count=2614 1922 692 452 240 130 415 204 173 126 59 211 109 67 1792 287 77 95 196 1505 1006 136 60 75 85 56 444 47 499 461
is_linear=0
shrinkage=0.05


Tree=18
num_leaves=31
num_cat=0
split_feature=5 3 3 7 7 3 4 7 7 4 1 7 2 3 3 1 2 4 1 1 1 2 2 1 7 7 7 4 8 1
split_gain=1309.15 442.997 649.496 1194.29 433.657 409.761 357.25 347.785 347.964 260.807 309.175 300.984 244.901 231.365 476.11 1193.55 510.656 521.197 470.612 273.981 482.122 396.364 238.277 337.415 290.124 387.766 209.554 220.073 203.171 366.163
threshold=36.949999999999989 11.950000000000001 5.2500000000000009 18.500000000000004 332.50000000000006 6.5500000000000007 7.8142857142857123 86.500000000000014 353.50000000000006 2.0785714285714261 4.7500000000000009 50.500000000000007 0.95000000000000007 0.8500000000000002 0.45000000000000007 5.1500000000000012 17.350000000000005 11.785714285714286 0.55000000000000016 0.75000000000000011 2.8500000000000001 3.1500000000000008 17.100000000000005 5.5500000000000007 78.500000000000014 52.500000000000007 74.500000000000014 9.6928571428571431 2.5000000000000004 1.5500000000000003
decision_type=2 2 2 2 2 2 2 2 2 2 2 2 2 2 2 2 2 2 2 2 2 2 2 2 2 2 2 2 2 2
left_child=7 2 13 -4 26 6 -5 9 -9 12 28 -12 -1 14 16 -16 17 19 -15 -2 -21 -22 24 -24 25 -20 27 -3 29 -11
right_child=1 4 3 5 -6 -7 -8 8 -10 10 11 -13 -14 18 15 -17 -18 -19 22 20 21 -23 23 -25 -26 -27 -28 -29 -30 -31
leaf_value=0.19530507433108796 -0.086302183866500862 0.11933768221310206 0.5177312788367272 0.38155015934081304 0.17362038996712914 0.049343904589462764 0.089900304377079021 -0.039221062370746511 0.12744280090555549 0.14176331136761042 0.24698398340316047 -0.024040980264544487 -0.019895964264869691 -0.16248915996402502 0.4956075490940185 -0.020549433554212251 -0.090019596185196532 0.29142448558257178 -0.0014241876120262959 0.29321596947583289 0.16530200017221047 -0.057087702121512568 -0.021845878936229773 0.24328562361853467 -0.066578827778229849 0.26143819220364095 -0.082185797258797627 -0.029633026719093326 -0.11003121327737282 -0.13633028192445637
leaf_weight=39 30 35 20 21 29 99 21 1469 32 29 21 20 20 36 21 24 55 26 47 22 33 51 21 28 74 20 108 85 58 20
leaf_count=39 30 35 20 21 29 99 21 1469 32 29 21 20 20 36 21 24 55 26 47 22 33 51 21 28 74 20 108 85 58 20
internal_value=-0.00151822 0.0470656 0.069067 0.15615 -0.00849441 0.104862 0.235725 -0.0272892 -0.0356679 0.0334664 -0.00196916 0.114777 0.122356 0.0403367 0.0723119 0.220324 0.0416181 0.08631 0.00326822 0.0470969 0.0848514 0.0302797 0.0346749 0.129658 0.00166662 0.0770422 -0.0316581 0.0138168 -0.0467036 0.0282557
internal_weight=2614 906 649 161 257 141 42 1708 1501 207 148 41 59 488 262 45 217 162 226 136 106 84 190 49 141 67 228 120 107 49
internal_count=2614 906 649 161 257 141 42 1708 1501 207 148 41 59 488 262 45 217 162 226 136 106 84 190 49 141 67 228 120 107 49
is_linear=0
shrinkage=0.05


Tree=19
num_leaves=31
num_cat=0
split_feature=0 7 0 0 0 2 3 4 8 2 2 2 1 2 8 7 7 0 7 0 0 7 3 3 8 6 3 3 3 3
split_gain=3549.06 395.179 359.522 424.567 416.044 368.471 480.047 486.034 353.743 353.575 346.807 698.973 547.976 926.94 789.172 565.514 497.834 327.529 323.06 351.155 326.257 312.57 653.575 318.073 299.16 273.436 271.663 399.473 249.426 200.777
threshold=4.5500000000000007 36.500000000000007 8.9500000000000011 9.8500000000000032 4.8500000000000005 2.6500000000000008 1.7500000000000002 8.1500000000000004 4.5000000000000009 0.45000000000000007 3.2500000000000004 4.5500000000000007 10.950000000000001 8.5500000000000025 2.5000000000000004 72.500000000000014 278.50000000000006 2.0500000000000003 56.500000000000007 18.850000000000005 23.050000000000001 295.50000000000006 0.35000000000000003 3.1500000000000008 2.5000000000000004 10.500000000000002 0.75000000000000011 10.050000000000002 2.8500000000000001 5.2500000000000009
decision_type=2 2 2 2 2 2 2 2 2 2 2 2 2 2 2 2 2 2 2 2 2 2 2 2 2 2 2 2 2 2
left_child=1 8 4 -4 -2 9 -7 -8 26 28 16 -12 13 -13 -15 -16 18 -3 -5 24 -21 -19 -23 -24 -20 -18 -1 29 -6 -28
right_child=2 17 3 10 5 6 7 -9 -10 -11 11 12 -14 14 15 -17 25 21 19 20 -22 22 23 -25 -26 -27 27 -29 -30 -31
leaf_value=-0.056180789198895742 0.23506029388652397 -0.051841804102880022 0.2842061812813218 -0.023298257769960348 -0.027909301335995014 -0.029847538071434671 0.35781403326988226 0.051862262354956737 -0.088109225715909692 -0.12188846331279157 0.40838958344732723 -0.020257049258197508 0.024502481594681741 0.55513618452982472 0.37030812248587613 -0.0056951083103194836 -0.20355462608858943 -0.02515352364097323 -0.052169907913991703 0.40764224827289586 0.15313976152854808 0.32294073402881623 -0.12196252908971575 0.11855908734723926 0.16800043926470809 0.016492900066077711 0.1405082030729814 0.0081112810680943163 0.17969683726196706 0.35939763996750118
leaf_weight=22 26 1505 37 33 39 41 25 27 35 59 24 31 80 22 20 20 20 210 27 20 34 22 27 28 36 48 22 31 23 20
leaf_count=22 26 1505 37 33 39 41 25 27 35 59 24 31 80 22 20 20 20 210 27 20 34 22 27 28 36 48 22 31 23 20
internal_value=-0.00144231 -0.0364006 0.0956529 0.121914 0.0461941 0.0232478 0.0980848 0.198954 0.0477753 -0.0342715 0.107445 0.155527 0.120448 0.202982 0.314601 0.182307 0.0639943 -0.0425071 0.114868 0.153838 0.2474 0.00644293 0.0926151 0.000484839 0.0736417 -0.048227 0.097838 0.144255 0.0491059 0.244741
internal_weight=2614 1922 692 452 240 214 93 52 130 121 415 197 173 93 62 40 218 1792 150 117 54 287 77 55 63 68 95 73 62 42
internal_count=2614 1922 692 452 240 214 93 52 130 121 415 197 173 93 62 40 218 1792 150 117 54 287 77 55 63 68 95 73 62 42
is_linear=0
shrinkage=0.05


Tree=20
num_leaves=31
num_cat=0
split_feature=7 7 8 7 7 4 3 1 7 2 4 2 2 7 3 7 2 2 3 2 6 1 1 1 3 3 7 2 3 3
split_gain=1663.67 776.298 617.644 893.679 609.196 521.286 344.401 337.035 277.742 416.111 269.097 332.375 449.538 566.622 558.361 539.403 312.93 473.583 413.571 384.383 281.689 259.581 308.457 417.368 250.395 327.273 210.773 201.127 186.286 380.582
threshold=108.50000000000001 276.50000000000006 1.5000000000000002 331.50000000000006 104.50000000000001 5.7785714285714285 0.25000000000000006 5.1500000000000012 80.500000000000014 0.15000000000000005 4.2785714285714276 16.650000000000002 3.4500000000000006 10.500000000000002 10.65 18.500000000000004 10.850000000000003 9.0500000000000025 3.7500000000000004 14.450000000000001 1.5000000000000002 0.25000000000000006 3.7500000000000004 12.050000000000002 3.1500000000000008 0.95000000000000007 158.50000000000003 22.350000000000005 0.25000000000000006 2.6500000000000008
decision_type=2 2 2 2 2 2 2 2 2 2 2 2 2 2 2 2 2 2 2 2 2 2 2 2 2 2 2 2 2 2
left_child=4 7 3 6 8 -5 -3 -2 10 -10 28 12 14 -14 21 -15 17 18 -17 -18 -13 -12 -23 -24 25 26 -9 -22 -1 -30
right_child=1 2 -4 5 -6 -7 -8 24 9 -11 11 20 13 15 -16 16 19 -19 -20 -21 27 22 23 -25 -26 -27 -28 -29 29 -31
leaf_value=0.11492599273721378 -0.061566485314436516 0.14765296392142774 -0.013585718390275982 0.12298727379180492 0.28082640637954076 0.40427672820431848 -0.046431740396656096 0.11387319454124996 0.15488836819475349 -0.042614977404796826 0.28724008388817313 -0.1073828072183662 0.41327286280691622 -0.08248696291446686 -0.058727492698401745 0.2857141242873284 -0.070000390052795416 0.39851128878416842 0.038132850916401763 0.22016899443808058 -0.045912862738425084 -0.054899185924575877 0.32718596551567319 0.034497223332010468 -0.10420804888010025 0.22723177788513049 -0.03410825210248495 0.14810815909055663 -0.1129966435398449 0.080332091402100486
leaf_weight=30 1035 32 455 40 30 28 80 35 33 139 20 36 20 25 70 31 25 27 37 21 22 26 21 29 35 21 77 34 57 46
leaf_count=30 1035 32 455 40 30 28 80 35 33 139 20 36 20 25 70 31 25 27 37 21 22 26 21 29 35 21 77 34 57 46
internal_value=-0.00134208 -0.0272957 0.0174301 0.0958311 0.0598937 0.238812 0.00902103 -0.050904 0.0510446 -0.00472189 0.0676682 0.0863566 0.108473 0.161853 0.0486616 0.131562 0.169513 0.221346 0.151001 0.0624682 0.0017371 0.126966 0.0847888 0.157426 0.0147846 0.0460984 0.0121359 0.0718856 0.00528005 -0.0266557
internal_weight=2617 1838 635 180 779 68 112 1203 749 172 577 444 352 186 166 166 141 95 68 46 92 96 76 50 168 133 112 56 133 103
internal_count=2617 1838 635 180 779 68 112 1203 749 172 577 444 352 186 166 166 141 95 68 46 92 96 76 50 168 133 112 56 133 103
is_linear=0
shrinkage=0.05


Tree=21
num_leaves=31
num_cat=0
split_feature=0 7 4 0 0 0 1 7 4 3 1 2 7 3 0 7 0 5 6 7 4 2 0 4 2 2 0 5 2 3
split_gain=3423.95 851.144 883.066 875.014 767.005 733.636 650.283 631.411 911.259 565.534 477.352 658.22 470.854 436.468 566.28 424.304 269.336 267.337 237.909 233.927 665.879 356.845 216.126 287.367 182.815 172.579 148.893 202.077 152.434 146.741
threshold=9.3500000000000032 108.50000000000001 8.8214285714285712 21.450000000000003 16.650000000000002 0.65000000000000002 15.050000000000002 322.50000000000006 7.8142857142857123 6.7500000000000009 0.35000000000000003 0.55000000000000016 64.500000000000014 0.35000000000000003 2.2500000000000004 42.500000000000007 5.3500000000000005 77.5 1.5000000000000002 100.50000000000001 2.2285714285714269 4.5500000000000007 17.100000000000005 7.2499999999999991 0.15000000000000005 2.3500000000000001 2.8500000000000001 25.199999999999978 10.65 1.5500000000000003
decision_type=2 2 2 2 2 2 2 2 2 2 2 2 2 2 2 2 2 2 2 2 2 2 2 2 2 2 2 2 2 2
left_child=5 2 3 4 12 -1 17 9 -9 22 11 16 -2 -13 -15 -8 -7 -4 -19 20 -12 -22 24 -24 -3 -26 27 -21 29 -28
right_child=1 7 6 -5 -6 10 15 8 -10 -11 19 13 -14 14 -16 -17 -18 18 -20 26 21 -23 23 -25 25 -27 28 -29 -30 -31
leaf_value=-0.053945753989021773 0.19600183324888351 -0.1315669099273889 -0.14460994249040432 0.5703382499516011 -0.024704414115033366 -0.020895054880233986 0.40174892905422238 0.016468128036050238 0.39799296433941045 -0.23673050062997 0.29948993831872944 0.33314434780228525 0.49669720750787988 0.27591986599422635 -0.083199003986690362 0.11055446205468014 0.16516849178334941 -0.051971610710024832 0.18898706003313973 -0.093914871328248245 -0.06301860464055363 0.050399789457801006 0.21203972260383042 -0.0079110567216519965 0.15330709129571918 -0.031792696258601025 -0.018704903938193271 -0.01078129478302659 -0.087400084988373095 0.079914359109742317
leaf_weight=1162 30 23 22 24 22 126 22 34 29 21 20 31 23 21 23 29 23 20 21 167 123 159 33 27 20 34 94 130 41 63
leaf_count=1162 30 23 22 24 22 126 22 34 29 21 20 31 23 21 23 29 23 20 21 167 123 159 33 27 20 34 94 130 41 63
internal_value=-0.00127497 0.126992 0.198315 0.307563 0.223475 -0.0267755 0.103442 0.0582499 0.192091 0.00488306 0.00414689 0.0686353 0.326492 0.189443 0.0881986 0.236168 0.00782616 -0.00400195 0.0714462 -0.0139778 0.0207022 0.000930064 0.0419187 0.113062 -0.0135175 0.0367628 -0.0351362 -0.0575264 -0.00155081 0.0208684
internal_weight=2617 434 213 99 75 2183 114 221 63 158 1021 224 53 75 44 51 149 63 41 797 302 282 137 60 77 54 495 297 198 157
internal_count=2617 434 213 99 75 2183 114 221 63 158 1021 224 53 75 44 51 149 63 41 797 302 282 137 60 77 54 495 297 198 157
is_linear=0
shrinkage=0.05


Tree=22
num_leaves=31
num_cat=0
split_feature=0 7 5 0 8 0 0 1 1 2 7 3 0 7 8 5 0 0 6 7 1 3 2 3 5 1 2 0 5 2
split_gain=3090.11 768.158 796.967 789.7 723.461 692.222 662.106 586.88 430.811 594.044 424.946 393.913 511.067 382.934 309.586 241.272 235.928 619.674 214.713 211.119 609.937 394.473 293.616 195.462 188.531 259.626 296.326 134.376 182.374 137.572
threshold=9.3500000000000032 108.50000000000001 62.399999999999984 21.450000000000003 1.0000000180025095e-35 16.650000000000002 0.65000000000000002 15.050000000000002 0.35000000000000003 0.55000000000000016 64.500000000000014 0.35000000000000003 2.2500000000000004 42.500000000000007 1.5000000000000002 77.5 22.800000000000001 30.100000000000005 1.5000000000000002 100.50000000000001 1.6500000000000001 4.1500000000000012 4.5500000000000007 3.0500000000000003 24.899999999999988 3.5500000000000003 9.0500000000000025 2.8500000000000001 25.199999999999978 10.65
decision_type=2 2 2 2 2 2 2 2 2 2 2 2 2 2 2 2 2 2 2 2 2 2 2 2 2 2 2 2 2 2
left_child=6 2 3 5 -3 10 -1 15 9 14 -2 -11 -13 -9 -8 -4 24 -18 -17 20 21 -10 -22 -16 -6 -26 -27 28 -21 -29
right_child=1 4 7 -5 16 -7 8 13 19 11 -12 12 -14 -15 23 18 17 -19 -20 27 22 -23 -24 -25 25 26 -28 29 -30 -31
leaf_value=-0.051248465657952325 0.186201740950346 0.29783113742316208 -0.13737944496626206 0.54182134568691254 0.078254335976782302 -0.023469194211065771 0.1136089649239674 0.38166148466142746 0.3157151721417904 0.3164871313879567 0.47186235124650211 0.26212388603460218 -0.079039049666860831 0.10502674112032201 -0.081972287159020968 -0.049373030588030817 0.3220126416002001 -0.034625820764179888 0.17953770274207706 -0.089219127747113117 -0.071170985612220003 0.02035216882824898 0.036770733709757523 0.076848689122841915 -0.13920091824944725 -0.060125460789391877 0.17764711737632755 0.019825010323173301 -0.010242231041103458 -0.083030080977009577
leaf_weight=1162 30 27 22 24 42 22 47 22 26 31 23 21 23 29 76 20 21 29 21 167 112 20 144 26 44 38 20 157 130 41
leaf_count=1162 30 27 22 24 42 22 47 22 26 31 23 21 23 29 76 20 21 29 21 167 112 20 144 26 44 38 20 157 130 41
internal_value=-0.00121122 0.120642 0.188399 0.292185 0.0553374 0.212301 -0.0254368 0.0982703 0.00393955 0.0652036 0.310168 0.179971 0.0837887 0.224359 0.00743486 -0.00380185 0.0215883 0.115162 0.0678739 -0.0132789 0.0196671 0.187296 -0.0104538 -0.0414885 -0.0109027 -0.0476144 0.0218651 -0.0333794 -0.0546501 -0.00147327
internal_weight=2617 434 213 99 221 75 2183 114 1021 224 53 75 44 51 149 63 194 50 41 797 302 46 256 102 144 102 58 495 297 198
internal_count=2617 434 213 99 221 75 2183 114 1021 224 53 75 44 51 149 63 194 50 41 797 302 46 256 102 144 102 58 495 297 198
is_linear=0
shrinkage=0.05


Tree=23
num_leaves=31
num_cat=0
split_feature=0 7 5 0 8 0 0 1 2 1 1 5 7 2 7 8 3 7 7 5 6 7 5 2 7 7 1 8 0 5
split_gain=2788.83 693.262 719.263 712.704 652.924 624.73 597.551 529.659 418.09 388.806 542.638 679.372 345.598 231.379 223.597 596.039 592.563 324.532 253.081 217.748 193.778 190.535 584.306 295.706 133.78 303.97 425.233 227.148 121.274 164.593
threshold=9.3500000000000032 108.50000000000001 62.399999999999984 21.450000000000003 1.0000000180025095e-35 16.650000000000002 0.65000000000000002 15.050000000000002 5.4500000000000011 0.35000000000000003 0.25000000000000006 34.749999999999993 42.500000000000007 2.0500000000000003 322.50000000000006 3.5000000000000004 3.8500000000000001 250.50000000000003 172.50000000000003 77.5 1.5000000000000002 100.50000000000001 15.599999999999978 4.5500000000000007 44.500000000000007 56.500000000000007 5.8500000000000005 2.5000000000000004 2.8500000000000001 25.199999999999978
decision_type=2 2 2 2 2 2 2 2 2 2 2 2 2 2 2 2 2 2 2 2 2 2 2 2 2 2 2 2 2 2
left_child=6 2 3 5 -3 8 -1 19 -2 10 11 13 -9 -8 16 -16 17 18 -6 -4 -21 22 -11 -24 27 -26 -27 -25 29 -23
right_child=1 4 7 -5 14 -7 9 12 -10 21 -12 -13 -14 -15 15 -17 -18 -19 -20 20 -22 28 23 24 25 26 -28 -29 -30 -31
leaf_value=-0.048686041980148288 0.18533283490123173 0.28293957202522846 -0.13051047555424952 0.51473026995857551 0.004793317119280497 -0.022295736640014434 -0.030323618226167227 0.36257840730249885 0.47504791066050533 0.27983759641647338 0.28659552866593002 0.23167390814568434 0.099775401734072594 0.15116826698184016 0.24161391551747469 -0.085864077353229137 -0.21928400248289109 -0.084267279940346884 0.19100594442035701 -0.046904382556676866 0.17056081800339079 -0.084758171773777757 -0.058050950004802482 -0.10754398458427 0.25750214792788029 0.16576508215882563 -0.08271970062827072 0.073781957744787893 -0.0013996034926462054 -0.0097301197453187067
leaf_weight=1162 33 27 22 24 36 22 144 22 20 20 24 36 29 20 33 24 28 36 37 20 21 167 123 31 20 33 36 39 198 130
leaf_count=1162 33 27 22 24 36 22 144 22 20 20 24 36 29 20 33 24 28 36 37 20 21 167 123 31 20 33 36 39 198 130
internal_value=-0.00115066 0.11461 0.178979 0.277575 0.0525706 0.201686 -0.0241649 0.0933568 0.294659 0.00374257 0.0619434 0.0349851 0.213141 -0.00819046 0.0205089 0.103728 -0.0141153 0.0385886 0.0991751 -0.00361176 0.0644802 -0.012615 0.0186838 0.000162225 0.0451951 0.0858695 0.0361208 -0.00651953 -0.0317104 -0.0519176
internal_weight=2617 434 213 99 221 75 2183 114 53 1021 224 200 51 164 194 57 137 109 73 63 41 797 302 282 159 89 69 70 495 297
internal_count=2617 434 213 99 221 75 2183 114 53 1021 224 200 51 164 194 57 137 109 73 63 41 797 302 282 159 89 69 70 495 297
is_linear=0
shrinkage=0.05


Tree=24
num_leaves=31
num_cat=0
split_feature=0 7 4 4 8 0 4 1 2 1 4 1 8 7 6 4 7 1 7 2 7 7 7 7 6 0 5 2 8 4
split_gain=2516.92 625.669 649.235 663.232 589.264 539.29 505.81 350.898 506.152 367.52 487.48 315.052 274.025 237.912 210.551 208.787 171.958 528.817 350.815 249.065 151.671 277.339 260.584 176.511 121.427 109.45 148.545 124.159 176.885 114.063
threshold=9.3500000000000032 108.50000000000001 8.2642857142857142 5.3071428571428561 1.0000000180025095e-35 0.65000000000000002 6.1857142857142842 0.35000000000000003 0.55000000000000016 0.15000000000000005 4.2785714285714276 15.050000000000002 1.5000000000000002 34.500000000000007 1.5000000000000002 11.785714285714286 100.50000000000001 1.6500000000000001 64.500000000000014 4.5500000000000007 250.50000000000003 172.50000000000003 322.50000000000006 350.50000000000006 8.5000000000000018 2.8500000000000001 25.199999999999978 10.65 1.0000000180025095e-35 5.6642857142857146
decision_type=2 2 2 2 2 2 2 2 2 2 2 2 2 2 2 2 2 2 2 2 2 2 2 2 2 2 2 2 2 2
left_child=5 2 3 -2 -3 -1 -5 8 12 10 -10 14 24 -13 -4 20 17 18 -9 -19 21 -6 -22 -24 -7 26 -18 28 -27 -28
right_child=1 4 11 6 15 7 -8 16 9 -11 -12 13 -14 -15 -16 -17 25 19 -20 -21 22 -23 23 -25 -26 27 29 -29 -30 -31
leaf_value=-0.046251740392935489 0.10182936647624681 0.26879259405864614 -0.065311466995626691 0.58566673994064333 -0.039925343600603257 0.036243424978521135 0.26513188718818131 0.03575435969674879 -0.03530868311082163 0.3261298249165217 0.28131081461906432 0.31192904406267669 -0.040505791681946492 0.10110460869036615 0.10582508441151642 0.16091771465928661 -0.080520262118585095 -0.066218317998573181 0.3119140542962629 0.033197587487908707 -0.12021814765781165 0.15116940979921334 0.13420291185379027 -0.065083128772675997 0.19879036448663101 0.1353580557913692 0.0437587922863793 -0.078808595385493299 -0.0052829260278779728 -0.050629054994819914
leaf_weight=1162 33 27 32 20 39 27 32 23 31 24 20 23 102 32 41 23 167 112 23 144 50 37 25 20 20 27 57 41 130 73
leaf_count=1162 33 27 32 20 39 27 32 23 31 24 20 23 102 32 41 23 167 112 23 144 50 37 25 20 20 27 57 41 130 73
internal_value=-0.00109313 0.108879 0.170031 0.277152 0.049942 -0.0229567 0.388415 0.00355544 0.0588462 0.164784 0.0888558 0.0988951 0.00552207 0.189268 0.0308063 0.0194835 -0.0119842 0.0177496 0.173834 -0.0102969 0.000460132 0.0531076 -0.0416579 0.0456313 0.105412 -0.0301249 -0.0493217 -0.00132962 0.0189037 -0.00924361
internal_weight=2617 434 213 85 221 2183 52 1021 224 75 51 128 149 55 73 194 797 302 46 256 171 76 95 45 47 495 297 198 157 130
internal_count=2617 434 213 85 221 2183 52 1021 224 75 51 128 149 55 73 194 797 302 46 256 171 76 95 45 47 495 297 198 157 130
is_linear=0
shrinkage=0.05


end of trees

feature_importances:
day_of_year=158
lag_1=139
lag_2=112
lag_3=90
lag_7=86
rolling_mean_7=79
rolling_sum_7=35
day_of_week=33
month=18

parameters:
[boosting: gbdt]
[objective: regression]
[metric: rmse]
[tree_learner: serial]
[device_type: cpu]
[data_sample_strategy: bagging]
[data: ]
[valid: ]
[num_iterations: 400]
[learning_rate: 0.05]
[num_leaves: 31]
[num_threads: 0]
[seed: 42]
[deterministic: 0]
[force_col_wise: 0]
[force_row_wise: 0]
[histogram_pool_size: -1]
[max_depth: -1]
[min_data_in_leaf: 20]
[min_sum_hessian_in_leaf: 0.001]
[bagging_fraction: 0.8]
[pos_bagging_fraction: 1]
[neg_bagging_fraction: 1]
[bagging_freq: 5]
[bagging_seed: 400]
[bagging_by_query: 0]
[feature_fraction: 0.9]
[feature_fraction_bynode: 1]
[feature_fraction_seed: 30056]
[extra_trees: 0]
[extra_seed: 12879]
[early_stopping_round: 0]
[early_stopping_min_delta: 0]
[first_metric_only: 0]
[max_delta_step: 0]
[lambda_l1: 0]
[lambda_l2: 0]
[linear_lambda: 0]
[min_gain_to_split: 0]
[drop_rate: 0.1]
[max_drop: 50]
[skip_drop: 0.5]
[xgboost_dart_mode: 0]
[uniform_drop: 0]
[drop_seed: 17869]
[top_rate: 0.2]
[other_rate: 0.1]
[min_data_per_group: 100]
[max_cat_threshold: 32]
[cat_l2: 10]
[cat_smooth: 10]
[max_cat_to_onehot: 4]
[top_k: 20]
[monotone_constraints: ]
[monotone_constraints_method: basic]
[monotone_penalty: 0]
[feature_contri: ]
[forcedsplits_filename: ]
[refit_decay_rate: 0.9]
[cegb_tradeoff: 1]
[cegb_penalty_split: 0]
[cegb_penalty_feature_lazy: ]
[cegb_penalty_feature_coupled: ]
[path_smooth: 0]
[interaction_constraints: ]
[verbosity: -1]
[saved_feature_importance_type: 0]
[use_quantized_grad: 0]
[num_grad_quant_bins: 4]
[quant_train_renew_leaf: 0]
[stochastic_rounding: 1]
[linear_tree: 0]
[max_bin: 255]
[max_bin_by_feature: ]
[min_data_in_bin: 3]
[bin_construct_sample_cnt: 200000]
[data_random_seed: 175]
[is_enable_sparse: 1]
[enable_bundle: 1]
[use_missing: 1]
[zero_as_missing: 0]
[feature_pre_filter: 1]
[pre_partition: 0]
[two_round: 0]
[header: 0]
[label_column: ]
[weight_column: ]
[group_column: ]
[ignore_column: ]
[categorical_feature: ]
[forcedbins_filename: ]
[precise_float_parser: 0]
[parser_config_file: ]
[objective_seed: 16083]
[num_class: 1]
[is_unbalance: 0]
[scale_pos_weight: 1]
[sigmoid: 1]
[boost_from_average: 1]
[reg_sqrt: 0]
[alpha: 0.9]
[fair_c: 1]
[poisson_max_delta_step: 0.7]
[tweedie_variance_power: 1.5]
[lambdarank_truncation_level: 30]
[lambdarank_norm: 1]
[label_gain: ]
[lambdarank_position_bias_regularization: 0]
[eval_at: ]
[multi_error_top_k: 1]
[auc_mu_weights: ]
[num_machines: 1]
[local_listen_port: 12400]
[time_out: 120]
[machine_list_filename: ]
[machines: ]
[gpu_platform_id: -1]
[gpu_device_id: -1]
[gpu_use_dp: 0]
[num_gpu: 1]

end of parameters

pandas_categorical:[]
